1
3
6
7
9
10
11
12
13
15
17
18
19
20
21
23
25
26
27
28
29
30
32
33
34
36
38
39
40
41
42
43
44
45
46
48
49
50
51
54
55
58
60
61
62
63
64
65
66
67
68
69
70
71
73
75
77
81
82
83
85
87
88
89
90
92
94
95
96
98
100
101
102
103
104
105
106
107
108
111
112
113
114
115
118
119
124
125
126
127
128
130
132
133
134
135
136
137
140
142
143
144
145
146
147
148
149
150
151
152
153
154
155
156
157
158
159
161
162
163
165
166
167
168
169
171
172
173
174
175
176
177
178
180
181
183
184
186
187
189
193
194
195
196
199
201
202
203
204
205
206
207
209
210
211
212
214
215
217
219
222
223
225
226
227
228
229
230
231
232
233
235
236
237
238
239
240
241
243
244
245
246
247
248
250
251
252
253
254
257
258
260
262
263
264
265
266
267
269
270
271
272
274
275
277
278
279
280
281
282
283
284
285
286
287
288
289
290
291
292
293
295
296
297
298
300
301
302
303
304
305
309
310
311
314
317
318
320
321
323
325
327
329
330
331
333
334
336
337
338
339
340
341
342
343
344
345
348
350
351
352
353
354
356
358
359
360
361
362
363
364
365
366
367
368
369
370
371
372
373
374
375
377
378
379
380
381
382
383
384
385
386
387
388
389
391
392
393
394
396
397
398
399
400
401
402
403
404
405
406
407
408
409
410
411
413
414
415
416
417
419
420
421
422
426
427
428
429
431
432
433
436
437
439
440
442
443
444
445
446
447
449
452
453
454
456
457
459
461
462
463
465
466
469
470
471
472
474
475
476
479
480
481
482
483
485
487
490
492
493
494
496
497
498
499
500
501
502
505
507
508
509
511
512
513
514
515
516
517
518
519
520
522
523
524
526
527
528
529
530
532
533
534
535
536
538
539
541
542
543
544
545
546
547
548
549
550
553
554
555
556
557
558
559
560
561
562
563
564
565
566
567
568
569
570
571
573
574
577
578
579
580
581
585
586
587
588
590
591
592
593
594
596
597
598
599
600
602
603
604
605
608
610
611
612
613
614
615
617
619
620
621
623
624
625
626
627
628
629
630
631
632
633
635
636
638
639
640
641
642
643
644
645
646
649
651
652
653
658
662
663
665
666
667
668
669
670
671
672
673
674
675
676
677
678
680
681
682
683
684
685
686
687
689
690
691
693
694
696
698
700
701
702
703
704
707
708
711
712
713
714
715
718
719
720
721
722
723
724
725
726
728
730
732
733
734
736
740
741
742
743
744
745
746
747
748
749
750
752
753
754
756
759
761
762
765
766
767
768
770
771
772
773
774
776
779
780
781
783
784
785
788
790
791
792
793
794
795
797
799
800
801
802
804
805
808
809
810
812
813
814
815
816
817
818
819
820
821
822
823
824
825
826
827
829
830
831
832
833
835
836
837
838
839
840
841
842
843
844
845
847
849
850
852
854
855
856
857
858
859
860
862
863
864
865
866
868
869
870
873
875
876
878
879
880
881
882
883
884
885
887
888
891
892
893
895
896
897
898
901
902
903
905
907
908
910
911
912
914
915
917
918
919
920
921
924
925
926
927
930
931
933
934
936
937
938
940
941
942
943
944
945
946
947
948
949
951
953
954
955
957
958
959
960
961
962
963
967
968
969
971
972
973
974
976
977
978
979
980
981
982
984
985
986
987
988
989
990
991
997
998
1000
1004
1007
1008
1009
1010
1013
1014
1015
1017
1019
1021
1022
1025
1028
1029
1031
1033
1034
1037
1038
1040
1042
1045
1048
1050
1053
1055
1056
1057
1058
1059
1060
1061
1062
1063
1064
1066
1067
1068
1069
1072
1073
1074
1075
1076
1080
1082
1083
1084
1086
1088
1089
1090
1091
1092
1095
1096
1097
1100
1101
1102
1103
1104
1105
1106
1108
1109
1110
1111
1112
1115
1116
1117
1118
1119
1120
1121
1122
1125
1126
1128
1129
1130
1131
1132
1135
1136
1137
1139
1140
1141
1142
1143
1144
1145
1146
1147
1149
1150
1151
1152
1153
1155
1160
1161
1164
1165
1166
1167
1168
1170
1171
1173
1174
1175
1178
1179
1182
1183
1184
1185
1186
1187
1188
1189
1190
1191
1193
1194
1195
1196
1197
1198
1199
1200
1201
1203
1204
1205
1206
1207
1208
1209
1210
1211
1212
1213
1214
1215
1217
1218
1219
1220
1222
1224
1225
1226
1227
1228
1229
1230
1232
1233
1234
1235
1236
1238
1239
1240
1242
1244
1245
1246
1248
1250
1251
1252
1253
1254
1255
1258
1259
1260
1261
1262
1263
1265
1266
1267
1268
1269
1270
1271
1273
1274
1275
1278
1279
1280
1281
1282
1283
1284
1285
1286
1287
1288
1289
1290
1291
1292
1293
1296
1297
1298
1299
1300
1301
1303
1305
1307
1310
1311
1312
1313
1314
1315
1316
1317
1318
1319
1320
1321
1322
1325
1326
1329
1331
1332
1333
1334
1335
1336
1337
1340
1341
1342
1345
1346
1348
1349
1350
1351
1353
1354
1355
1356
1357
1358
1360
1361
1362
1364
1365
1368
1369
1370
1372
1373
1375
1376
1377
1378
1380
1381
1382
1383
1384
1385
1387
1389
1392
1393
1394
1395
1397
1400
1401
1402
1403
1404
1405
1406
1408
1409
1411
1412
1413
1415
1416
1417
1419
1420
1421
1422
1424
1426
1427
1428
1429
1431
1432
1433
1435
1436
1437
1438
1441
1442
1443
1444
1445
1446
1447
1448
1450
1451
1453
1454
1455
1456
1458
1461
1462
1463
1464
1465
1466
1467
1468
1470
1472
1473
1477
1478
1479
1480
1481
1482
1484
1485
1486
1487
1488
1490
1492
1494
1495
1497
1498
1501
1503
1504
1505
1506
1507
1508
1509
1510
1511
1512
1515
1516
1517
1518
1520
1521
1522
1523
1524
1526
1529
1530
1531
1532
1533
1534
1535
1536
1538
1541
1545
1546
1547
1548
1549
1550
1551
1552
1553
1554
1555
1556
1557
1558
1559
1560
1561
1562
1564
1566
1567
1568
1569
1570
1571
1572
1573
1574
1575
1578
1579
1581
1583
1584
1586
1587
1591
1592
1594
1597
1598
1599
1600
1601
1603
1604
1606
1607
1608
1609
1610
1611
1612
1613
1615
1617
1622
1623
1624
1625
1628
1629
1630
1631
1633
1634
1635
1636
1638
1639
1640
1641
1642
1643
1646
1647
1649
1650
1651
1653
1654
1656
1658
1660
1661
1662
1664
1666
1667
1668
1669
1670
1672
1673
1674
1675
1677
1678
1679
1680
1681
1682
1683
1684
1686
1687
1688
1689
1690
1691
1692
1693
1694
1696
1697
1698
1699
1700
1701
1702
1703
1704
1708
1709
1710
1714
1715
1716
1717
1718
1719
1720
1721
1722
1723
1724
1725
1726
1727
1729
1730
1731
1733
1734
1736
1737
1738
1741
1742
1745
1747
1748
1749
1751
1752
1753
1754
1755
1759
1760
1761
1762
1763
1764
1766
1767
1768
1769
1770
1771
1772
1773
1774
1775
1778
1780
1781
1783
1784
1785
1786
1788
1789
1790
1791
1792
1793
1794
1795
1797
1798
1799
1800
1801
1803
1805
1806
1807
1811
1813
1814
1815
1816
1817
1818
1820
1821
1822
1824
1825
1826
1827
1829
1830
1831
1832
1835
1836
1838
1840
1841
1843
1844
1845
1846
1847
1851
1852
1853
1854
1855
1856
1857
1858
1859
1860
1861
1862
1863
1864
1866
1867
1869
1870
1872
1873
1874
1875
1878
1879
1880
1881
1884
1885
1886
1887
1889
1891
1892
1893
1895
1896
1897
1898
1899
1901
1902
1903
1904
1906
1907
1908
1909
1910
1911
1912
1914
1915
1916
1917
1918
1920
1921
1922
1923
1924
1925
1926
1927
1929
1930
1931
1932
1934
1935
1939
1941
1942
1944
1945
1947
1948
1949
1952
1953
1954
1957
1958
1959
1960
1961
1964
1965
1966
1968
1969
1970
1972
1973
1974
1975
1976
1977
1978
1980
1981
1982
1983
1984
1985
1987
1989
1990
1991
1993
1994
1995
1997
1998
